300274 阳光电源 - 月定投(5000元/月) 交易明细
================================================================================================================================================================

序号     日期           操作     原因                    价格       数量           金额        手续费        印花税           盈亏
----------------------------------------------------------------------------------------------------------------------------------------------------------------
1      20210104     买入     定投买入               77.82     1300    101161.62       0.00       0.00             
2      20210125     卖出     止盈卖出              102.02     1300    132623.49      26.52     132.62     31302.73
3      20210201     买入     定投买入               96.42     1400    134994.29       0.00       0.00             
4      20210226     卖出     止损卖出               86.07     1400    120502.75      24.10     120.50    -14636.15
5      20210301     买入     定投买入               88.81     1400    124334.65       0.00       0.00             
6      20210304     卖出     止损卖出               72.15     1400    101008.84      20.20     101.01    -23447.02
7      20210402     买入     定投买入               73.01     1500    109507.69       0.00       0.00             
8      20210506     买入     定投买入               85.40      100      8539.66       0.00       0.00             
9      20210531     卖出     止盈卖出               96.59     1500    144880.16      28.98     144.88     35198.62
10     20210601     买入     定投买入               95.74     1500    143609.29       0.00       0.00             
11     20210604     卖出     止损卖出               85.52     1500    128283.98      25.66     128.28    -15479.24
12     20210629     卖出     止盈卖出              114.79      100     11478.78       2.30      11.48      2925.34
13     20210701     买入     定投买入              107.65     1400    150711.25       0.00       0.00             
14     20210722     卖出     止盈卖出              142.59     1400    199622.64      39.92     199.62     48671.84
15     20210802     买入     定投买入              160.08     1200    192097.04       0.00       0.00             
16     20210803     卖出     止损卖出              143.51     1200    172217.51      34.44     172.22    -20086.19
17     20210902     买入     定投买入              142.44     1300    185169.51       0.00       0.00             
18     20210917     卖出     止损卖出              123.58     1300    160653.01      32.13     160.65    -24709.28
19     20211008     买入     定投买入              149.71     1100    164685.94       0.00       0.00             
20     20211224     卖出     止损卖出              132.78     1100    146057.35      29.21     146.06    -18803.86
21     20220105     买入     定投买入              128.58     1200    154299.62       0.00       0.00             
22     20220127     卖出     止损卖出              110.64     1200    132769.44      26.55     132.77    -21689.50
23     20220214     买入     定投买入               95.27     1500    142906.56       0.00       0.00             
24     20220302     卖出     止盈卖出              124.68     1500    187013.53      37.40     187.01     43882.55
25     20220401     买入     定投买入              105.19     1900    199858.87       0.00       0.00             
26     20220414     卖出     止损卖出               87.82     1900    166848.92      33.37     166.85    -33210.17
27     20220505     买入     定投买入               63.41     2700    171218.75       0.00       0.00             
28     20220520     卖出     止盈卖出               84.91     2700    229269.50      45.85     229.27     57775.62
29     20220601     买入     定投买入               80.54     2900    233562.57       0.00       0.00             
30     20220707     卖出     止盈卖出              110.71     2900    321059.48      64.21     321.06     87111.63
31     20220801     买入     定投买入              127.77     2600    332214.32       0.00       0.00             
32     20220831     卖出     止损卖出              111.17     2600    289039.95      57.81     289.04    -43521.22
----------------------------------------------------------------------------------------------------------------------------------------------------------------
买入笔数：16，卖出笔数：16
止盈卖出：7，止损卖出：9，到期清仓：0

================================================================================================================================================================
