601808 中海油服 - 月定投(5000元/月) 交易明细
================================================================================================================================================================

序号     日期           操作     原因                    价格       数量           金额        手续费        印花税           盈亏
----------------------------------------------------------------------------------------------------------------------------------------------------------------
1      20200102     买入     月度定投               18.67      200      3733.45       0.00       0.00             
2      20200123     卖出     止损卖出               16.10      200      3219.10       0.64       3.22      -518.21
3      20200203     买入     月度定投               14.48      300      4344.61       0.00       0.00             
4      20200302     买入     月度定投               15.23      300      4570.49       0.00       0.00             
5      20200312     卖出     止损卖出               13.63      300      4089.39       0.82       4.09      -486.01
6      20200316     卖出     止损卖出               12.50      300      3749.09       0.75       3.75      -600.01
7      20200401     买入     月度定投               11.04      400      4415.99       0.00       0.00             
8      20200506     买入     月度定投               12.46      400      4983.14       0.00       0.00             
9      20200601     买入     月度定投               12.90      300      3869.37       0.00       0.00             
10     20200701     买入     月度定投               13.06      300      3918.53       0.00       0.00             
11     20200706     卖出     止盈卖出               14.53      400      5810.51       1.16       5.81      1387.55
12     20200803     买入     月度定投               13.87      300      4161.95       0.00       0.00             
13     20200901     买入     月度定投               12.98      300      3894.78       0.00       0.00             
14     20200903     卖出     止损卖出               12.44      300      3731.51       0.75       3.73      -434.92
15     20200910     卖出     止损卖出               11.53      300      3458.40       0.69       3.46      -415.12
16     20200910     卖出     止损卖出               11.53      300      3458.40       0.69       3.46      -464.28
17     20200910     卖出     止损卖出               11.53      300      3458.40       0.69       3.46      -440.53
18     20201009     买入     月度定投               11.74      400      4694.32       0.00       0.00             
19     20201027     卖出     止损卖出               11.19      400      4476.62       0.90       4.48      -511.89
20     20201103     买入     月度定投               10.68      400      4270.80       0.00       0.00             
21     20201125     卖出     止盈卖出               13.95      400      5580.94       1.12       5.58      1303.44
22     20201201     买入     月度定投               13.01      300      3903.69       0.00       0.00             
23     20210104     买入     月度定投               13.26      300      3977.90       0.00       0.00             
24     20210113     卖出     止盈卖出               16.03      400      6413.25       1.28       6.41      1711.24
25     20210201     买入     月度定投               15.24      300      4572.41       0.00       0.00             
26     20210205     卖出     止盈卖出               17.02      300      5106.85       1.02       5.11      1197.03
27     20210209     卖出     止盈卖出               18.72      300      5614.57       1.12       5.61      1629.93
28     20210222     卖出     止盈卖出               20.01      300      6003.52       1.20       6.00      1423.90
29     20210301     买入     月度定投               17.52      200      3503.54       0.00       0.00             
30     20210316     卖出     止损卖出               15.58      200      3115.57       0.62       3.12      -391.70
31     20210402     买入     月度定投               14.59      300      4376.45       0.00       0.00             
32     20210430     卖出     止损卖出               13.12      300      3937.02       0.79       3.94      -444.15
33     20210506     买入     月度定投               13.57      300      4070.63       0.00       0.00             
34     20210601     买入     月度定投               14.25      300      4275.50       0.00       0.00             
35     20210701     买入     月度定投               14.16      300      4248.00       0.00       0.00             
36     20210726     卖出     止损卖出               12.73      300      3819.00       0.76       3.82      -461.08
37     20210726     卖出     止损卖出               12.73      300      3819.00       0.76       3.82      -433.58
38     20210730     卖出     止损卖出               12.17      300      3651.00       0.73       3.65      -424.02
39     20210802     买入     月度定投               12.32      400      4928.00       0.00       0.00             
40     20210902     买入     月度定投               14.19      300      4257.00       0.00       0.00             
41     20210928     卖出     止盈卖出               17.34      400      6936.00       1.39       6.94      1999.68
42     20211008     买入     月度定投               17.20      200      3440.00       0.00       0.00             
43     20211013     卖出     止损卖出               15.23      200      3046.00       0.61       3.05      -397.66
44     20211101     买入     月度定投               15.23      300      4569.00       0.00       0.00             
45     20211130     卖出     止损卖出               13.55      300      4065.00       0.81       4.07      -508.88
46     20211201     买入     月度定投               13.60      300      4080.00       0.00       0.00             
47     20211231     卖出     到期清仓               15.00      600      9000.00       1.80       9.00       652.20
----------------------------------------------------------------------------------------------------------------------------------------------------------------
买入笔数：24，卖出笔数：23
止盈卖出：7，止损卖出：15，到期清仓：1

================================================================================================================================================================
